4693088614636915242383354976049289641421
8336869044897763651805404089172350052119470256736465782
33665123687031351979802
691330695996139328175011
5337737314544919568985377359432438664370
12776091
49241873429991703549728184420925273363275912650532621729
4161612439819582988988141051543474344043
564268088994717893935841850265174612399
1154967643947739556362266934809436140795
7596037892066601276129023570492
59997301
932094419442968947346619
6395803114738097
228906759169892798777856248723537227696539646832862440332871
7840950313258270995970873226340747796
6800224539493451
311923791153776447469841
69441500160877645532491482275856
503222276070985971151432
7189922813975407262761213079439584661237505737935894428
753359283318776399644433211461352118606
6534481832670688920679178046699696987743
80298490966897721385644
432681397246978668338082
331101974075935589376348
371278285488734392035568
89023311
693218019647373046811305
90079444776485222586708434082825941292473442062
76532036739118992014555019290071
13903881
11845894
5865719942548899601529592427281325187190509529264365084
4332768476855542373791078821975657418418230894122503217269262009
9516634299878206
766673726040125574044599
50955939970739406531170546811127
55996658
3160242280821396
9574008468119727007385035905385
963066401178389897352298
4694259010858171499336
2749599482160379820852733066885058721860
6444588420223205
57962504138019614803132637518944
14723506769020215039086866235189
7784995853448036234577539383303
80321648
5051756783690368345145007547378867066249
50003033780124977129489295519125
252459753564915779895436
61543921
960600284427805092707556
20697697835710439513200274806403
9861764787036159
122821348017169260516127437556295559096470636429
2903177
194079711226028961717988
8904074333102829
7265534056981174232
4169036047228023
75526309
61899684214677617306901676452448349614113282059726312
65204346306349947056552978935295853229057756970
857996318183085756541312434392145193512
6059479
9596618948806355
709254338707788873524566
3205685651300606
37100237594730598264851871990783
847108734180428945826607307727571633447170591100397236189905802594633074
4593368153160358
12633417427556936092622264131734196431
25393903574579127355115
5288857426401947
21035021383937408361403055035325
71653516473722317226179633582338
86039021
21784812328949775903153643324176
61997593588974478469911886639502977756057675105
65421244190418054556329137558955241335891582899374552805
178769824312403024311574211865933550253
33327814464781794747624172708815935710
6011017147602353774569192423943
10300925203067107277217605969635538709051378130
503726618368968560613073357568514634925022336503
6008219552062949
1488022630387677679639811488756090127955
313592113732253257272379
1299498463794427821520407297007251245830
28966950
896537146805752238626924
8127123227622954994118986287564022089159
149896838153984881208324
32454154903358213890936535911717216026933938701
1520993387053959328628069574872079121308
941109914579889850801052
3577155925554010621782245816539
7205810961955081116713387105942680785147
7033223162292122
318848509257659033215350
396785773199181
7901572094887982
9359415317688256138722
342302978399134
429904156329970887859999
20687483130801549519130972139932
1954426680508860179092113366908688590930
51973144754116
375255153883945897490611013602624764363080928
898043108437088851426815
162208536710772223712350100090978768912684522071
360609109243063989241888
81928577
4675519994169314338877744400657295809526072641
36491298764531959605580564423428495525283501959334322197
1625077470305000995609974664841245598382
7517933487987334
7699498589001354
24929725016771615711850
255039987665154193990158683985142724790
88323172137353722028828
3457698742146590
497253524319551183149517
4404135128189300852916389470936471581032
91039875877061419429253834290636
53162844
2572681498994314217138868034603978701535
62924393
1015010916734673623957357837429552704313
86994949566651556967846818400960
87323286682753582504014067022181
99150323
34099547266836487235624684239197622584479451238
7212538372063133400193043036598173953666
734469124836172921756868
77683174386497183030118316945487
50238957972761257936679717293418
22971726965969805584348570372305
11269559393521603040642463384280
5593010
24027583952341409134272372132557
62980710
5957769056293913938270
15207829709618067209095558430245474915442010569
93155710118000301760966398167279994296491692235115857464
723120866623134995950186
1567563440854387226232875633964392786742
5710312431016259846774189298171262558705
376267997654819217404354524085332702450679748027524556228363610
73666704744025577262340324321892
1730360518646579
56273378773327005157488250804899
117213868379942662764794710685063834609250679664
5609848087105994157741233083293386086317
6341901724025165959916085120174547867422
631485691826480138026652
5965892598720172
10906527137988786400305081362124
7906518642633708869556835286141
8248243742663198
332062028679163186478257509945714893468345151225
45036421303872265613415865120356
2058547273673339
78417603725582544470216937917474960596
588292941826075792048860
6911783262390279
2751063518041598279527416418057070132540
92720083
54615609576764405061276350881304
429301642705225128682751
1464670451291986175656257691959166222407
793956129621931994205289581549442517543
164237682876396489243831207394
45854098109930189388646360494695
600631791691606619994425
593828531076479768224547
58581086733651593326190082841197
5916203586518107467100493371386159592334
1697678485206797346363384546560
5185185204321005460240859373349
485263443457914536687758034986
1623789254306629347997523159636654367395
122477765082961360022300
8960629122951009368339789230775
38253540
73506518566517947818713478716908
330843039819384274596534438498107848086996095815
8935232436194465
218253613156303795375861
7570536061273879
138232934388662890387708
867538704455416349197811
9106648729183332
5100869335525339
514022936763285495275444183032367110751
1001481187189168
8425968324048977209650143660076942314107
388657401785262380007057345879394613281
5622837178053418601885341704976417104697
4115367463447433
661121323718052942481690
78307629894923352378214012313043928503393417202575191653
846652209861920492232983
5353482656707205924338784665169
82972798
64739221
295686163812822318084292
995425534428608425176895371198
142237626362173105748871575467322018481
306743965631942
89544209426397477995236612203759
1534197345891638
680629582841442228257755
965287802936392338138000
43769942143400125510380745975358193828947819015873521090
36750614520193764263748
5576940978705400888527865923983395266356899144104135663166586128
3848537415813605
8887316513331867
672507327170069997272000
18373832596434612144980738172497170325386141513919377470
69921280518367545624170759834400
796014854933720
88639634431453252687046182648142
99045063
129765541538714214600930
6643768540658094
7413864476279545707965222137692525051735
443854855798986
54844049553205123507758984868448
16768482453760881262337315652201833369490438014
239052324135236106814173134035378792724
34113236
573372423933516460674641
70617569
21827902414995571825916424827811158395849757806
3361451117408978787773773135297613892161
84794536157369065906769768892601138757049152986414130089946277
1222043596870037570097191815021270833934
8472609559473950
27727208
521052591079690660711615232793484384795
9515493140776180
977859009602886134686974
19413069497844164608858212043682
945592774352949
9197235
2398779939286229744046288139379947680589
823675639607399083471949574703675886384
63641238
20510539
29707775
6211926
6224342871826264264167587860894454390769
612041053166173674412034
4765595
2116632502031072644037650377601
8585996372895038960820142970943384008430
17295407537799275477180161537967379902606736335
569394436093300797182313
355586284489955142112110754706413325248131230909907854453773690127682
8063429553511414383283642006225111270210
8327472396425834985644017741832578573663863858913735047
1827278463043860
4367815571061648315452903699794645299067
2857379035177290631591613919909381572601
45069410819282918691043581029448702536811699220094159651
83673949
429491644921704310821955
37053542604136405761585968728258
8671384675910875419719244496725087479885
628240711943880707827193268436793443203
304967469443370565276452288385226446286977805
429497302734094793550658
5637472921424758226331792504277297489210
80502308
34657902677044851701094619655804
2029501761141020401392871000
20510824115561786938876314462
313367187388142335551514
9812597215206657431109117232763076875057769671372569078
277418643018184535748826959639
38296358505986231041131055154589
703612467442655551163042
5286112047053428
8766005665547042
19121924483255548290065815431554
783592163342426023524763182482634341039981459970
9445211182735328471401864235705539854683890345895456708979834853
5810452450159999877707114783064376668784
106451075525176115664225
15320763
9817189438259617695434831165808267858053599992137228531461535680
200710064311603590833023
9593024298805545353178247134463
4539408038704485
405991741202865632360161
9389584140013796802101814500838
228029421893095937654461619225969277120642699356
859528471541996220432110
57262432
9761188694836299818452892448694637172784
587812721150798666747319
9446676266082533621546397496619630792691894270965339680
12692331
74545820861254133846202923016228237625027167744
89130772796648722319926787059619
71529848260617702037685049561859
7662403136001642217177163915688176250840321698
2945247050382211363372658591440
301212884549118612712376
67793078456930598093176529765404
4291935873120688355311871772623094220239
71328242811264477970780
97477949787863863346997664756387
563411381748264940735668
29009428
4673565875496414831757393635955437582315
73831160149625078338796476334055
8601503361783348213193001557721636561149400336212676430324323221
6068277549697103030386
17992893752420616026882482908766854209592297893476018618014057
1056403060343702145771645997813
509675237957526034040403137031636902623490217934
756388932758644264200055425913
1598994491901004
14701101935067484408205075853939222498099258631194964680
994160325493815776982346
749602501278625263765871
1088258465636010
93983378293554794786616370707467108342
93891254930518786419634243695777
91471704402838032205946
6266994
26351142
3464469655224149839896938481275428494151
7406238217461929762619029412378636214337754875345631809
262311096071125
93232173
10936585325654836071156479486052
1205217684251327
308914661938930484051571
78175617659392557863340092469147
45229157267948933106785043886978
315253479047174415952861
2451689880744477
67936271
86391879
13592586664886138195743616486093287497486717594315502771067660
39536873127073295342203776549456642078259726503
5434954229355004125896275161631
60552958583494762773401780082199
196190722980945184041882
802950988830858295011053
13932652727583559486059150615538
35194528174874835898342229322037697051075894996
8167260672358697
1741300272628238
825958929303902137495191
984844883494798346810336185743582253330284154091
76217690239776229152095865989390
82806240498305404632214114909341
1339382946811558257015334565106830897038504350
14722040
1581478059042831
262774792462701942024561
945025467774969448497625724258760362196
286711661592225644442929473447189897542972954887
517487185677287844963628
544138825657580596079422395332578404088144048623537328364818588943131527
421069569007541235962074
45251304758219561099805529235706
253151285205976580326130
4555452953514403112661314178737743785591
71704852
500468288751612362372072
91607779211474846740599166417809
7444981355897359205977262638020
6423611462209432359816780691643
5907678055119204144603964136159146162289
46410762627951508272335489306240
756697415036522385917423626770561701682
7329481479339467
580957652299362454472058
49089325529479881740983113908251
2376269783109859
718939165442838681738995
135948142733700161135338809813372867441817213073
154210484401425485746359172940537951605501653
5493003968374276
8196909141331302256975587157360
7635656957984240944868129051929378206921661146
507776941057677062021414
9719100540272695
989650692949017771888680624789997564529689243938
191756799415124926257224441308725294291642853661398474516541701651186440
32381616702403494011102136581905662184664164175197517875
90871053
3500192592083088688014438909576
940624265001632397446870484206966509366290815424
6915762024976409386639210062900
4506482588043983
796835019006090869615304
477956516425535159322902298727436774805071812298372779504165522953583398
51164576730708471671625545877108
68008764863161516699270964537114
46926210
29190168490107
94661689
2278249366001176614815180032908
3932642343326572
1164733955349946520871267562701645520789
9852724936208501
916440422996210384320788802012117256181156196471
62458924104929309863614340317565
7389133472154289405364044948889785357096
1531919991566617771273674154032264633137
2709206141984908
336949961845878029531400206700381004340
39762386
4700821687908846913134929952785150198952
8169093041268864
157556301976467210919287
31589325719389
4048177632940310300824243109752990918075
41117027
75324309134531887713080
274777522483932568170982
688903716838837069940457
5253923480476021181286168573393863436826
5954165291119157581293264724883629878520
3882352316162964713581322347334879946307
60422328755750274071437539993259
995349116554248585682472
6478408295610196443164282821963922454443
17396049851601
4832038282288752053242049211756
767649029209574541145323272314566777125
5787343593836679
15159346
65010947217341327635031067905751
171175074349124367434826884613546753918
604739551205738
4504241726717774348159553024541571029949
2099295656236614
56241508905947628321738
2759200889373855618652775007658585622011890056018669030628585542
3370664730324323752189674939421819786226
4810796440573924228588606185572723043725
866573636017566301332140624109836503523917320181064260
82974831
214285251395304699776712
29724491704035327350646613950304
2598887180268399
63918751
82926131241480751001553394830070
6129946835911917
18152760286387338549458
808952911589285759013537
22932288
58374771257084287057122034706181
485220012720431986289270
89153143131323475869839440694003
9970754069635587
711959413684112
742553328113244433539693513224413658790
35725327372261302503987595401666
207164549019462545630304140643358952351550846726806297597598514
32730758834919532923307
926657894731586115992974
367094281188247534186872
6586448196435663540592
5365545864965857613142445571192
67847177348298327037624233245482
218020501962640967011487436975575428484550361892946597947291216
75938993931654079270597984263301
71558951445381070923556
4306631767416757716472413679607221432192
30123840874273971819401123399815
8441240091169347221559888007453792967873
36034190495083419028782886714201
81678003
23933022502111361707376425380177
403802702867678293920964
86888837185201681271361
9155918912071710788184466256468270199088
1735882532682669115246573563562524415507
38199531167274595636989
26181851661772073462876246482206325877603610268
7348544589548121
852868452459102655064662418235
21248540
95866557909137008914773284583195
696873071508026247838179
37386300
751894976398082421780300
114454316410768110440579
13542797492831164150254
863539145847970318855085605356
44995154
897597850396914
14358698
26138954288759788126523886847845251096444077773564861281886883714635591
29052918
57669532315887235834812974941497251816
8164414641511058488053315196827
791767377889004827209802
8240230320545253276444288677538
25060319242155462691824559472633
20761698571087257150799
73472612
68241432113190
341677158735118681367423635809576536221
8597081848761568326299980753219
3790401827142227194344551709174963816134996683
8834786926750128862977838061522274983157
23744725716421330777364527495639671752
11622560
105488505487528683469168
618599473972404177350461909441726206371214956337764349312040584
332383199131929130108594
9317379780419494
3319383735612604
2809638290721820
169281912216246346276102319966222915350162945
32787891923762635997800930681019110222982501722323944298
1466611844979982
47196228758698189253407065268780577096737869145
24540997848505
872531249249943365353127
296124967072106315220510743050587463077595089358
361264471394704182901094967573542182394
894355189654910934313225
6392572195359939
94120896669111914268429455961878
88175942122590560950428817590518743872
35187618696787759316586859429162696669272807882
3971907437517723558665455236297279609339
88220734
9901452378481700448460535872806084122032
925740112978363195938149576173201465113451709361
8457666162508866284574635244944
1372664561669937
285331852023238167744487
331263818825639186863907762970145406847
725482111052464
8881376069635244209400879358884912354718235863883650381257333399
4558979196554328780690049893686834674884593589
53404949
230401948765511278219419
9949509665426865
752766174295526081101110743964292715353814117792
1471138156730118
23445143167928565053460454625727
69221236880553361548723697957687323346041075007317137166
3148194025366596431809217126540589672155
9272311184868399876433165520113261608414
5956610164299455
8320526119408659816883744342337
9034161660715005965956227776958628342428
349484155589888761986568639282
581890121017472175555382
73947051
15519640688540621397243197086757697603
850724867743721532072699
40711981825876605523763
81079145518543534792199523062189
992968354023856
1172145921796467257248339972672538590727873515
267745091088883338980617438469
196095244022918963799634969120155768735
300815559983296
971448308391812134512650568255599333350626262331
67702941
32205740
48521726
36359574287452273433574253753683
3414865991146419041383137775122846927705652408122549294
1452331535905917
31875017463467687588267046494796387191
9980205619570878
1093014215725394262605955419997215092026333320593490959
778823281930863078666489509185
2865781758131385
439157095700363777413022
217884995061991
10911548
3892578693333907
598617922087535145786667
19772932542527773376812722850063
805093174804862847590078
58501626772643896305668736381035
28637675848637707458628494197274
12560053381184505196646368435786320368579956827622617140
9988153075295031494274055972619
433527422480187699203049
11763102
9968957180790889642477381446038
565795314116053019625673
6905307990462563689887909960758245093316
7854937328027710152960096323567321415411
699248127396328878467039
4743895322731924
698500844422486481507959
695719098890744128056842
912925154400566762557630
3652091815450385
1540569071878070
942445069907574333594454203587966326885
9438372750670286853533473786943213639137
61622789614425705822520587679709821841714210884
70086681
480507408118734666464105
46567002147700971474982241161449255288
650569271142220673364788871772033196748762695057355639694768654
2374911113677622
8767098357018507508926137707512259168920
2310747823010272870785922723194125797354
3654315134779227
77930067269092022980102837335935
434828927492290929344385782756439501816324366
462719577075766230570524
6506595
48636640984294373798383
8008119823270867
526152532913828284700224
413891969737038427348725011789653853717380076032671376
636253969481764986048767547114756038879
851771612794711965681877
151719324319390852846768943472279929644922069232
382109808526411
1370265072308338990015117435043960187048469622411760060
54953968100941652820994332262458
288005535977223435104522100453292109860571065054294160439114462
23810686481325013813647610057911
90784207733476406928391739863078
7496760085722025285460299872531
3088898050376838
3126591722140470709967432266574075498940
41300260
811633383862098553000820849384169566811236359196
5849378535477699
3387973
269010682582823639309556
33126168170230236216648875453149786989926055435
1493098313418791600487778638284800816
8421823663351323
120843154572240269669516
778298778285612888932741754140
44893147497836676092347479854224
64860959
807286347049011835855657
55251736602410074271246
751605746835802339183393
8896706046719224911153816254466
166647025566061334550627
8540226042173528
68961127
9663805380391104734718056202568
55438144535678692924867197882164
605912990865220
762674804119082190111448855494846790001
2971317233726965
961794533288524966784600
64666764731551819866454273333996
254998952553077749024605
833095957840563
91567528458104361783011042527007
593675965894230725040072
98374069994128194667769439485307
9757532583664454711009411681975875799204141642946988668
635626476112927538539198003979
4993315040718861196350836844965998003476
97629923
212162427068340327473819
44644439265581852045643259509848
606736773401868
4555330369269022
4860147888906197482237823090163277787814
240006816564029681326312
933525123330359083016110512388124775113
3223738567386782469408267495910
38919447
280150567880447897229291
8979714146890982
8242344456658347
1169957
8947419391123519126095985401750197538877
7807028574542394
34673185578677505591775946092376
27507237937732340289434591122570912643
820484256030842543300599
61625565344159306526192187563924
735651094273437372942134982656738912494
6162529027271028876094645725610942217685
56359602168193396166946026136052
99701161124222922692557543932915
26064959703599798511937519235462
91464932428989278261374890687681975927
68580150
4072786346162141
426114096916587973707662
1134339072054180
63519112368779815676409880591486771603743030460714760620
5369615116708822365030387483036
320415986509760222232273904032283462780375655191
562466773314238357195540
9207229317983534
363006916713413694120867
4429896047658524012459
91156615
875812214173354411574682
42973942
1839064641883880539686357764507337798942
3461425543376243985972385944460
9143132791944264
351894715991275
84763967
2664784744072703555589860641217
95255472613607552304040737812565934396
57878660187492534726037
77162161828394415118504663855284
907130537794453934956713
83874026224807518104597942577956
270686326020776766510489895683155970409
1923702716260054833077506600408238401657
7479203689577091
77992238731611408820712837010165
10141133997292610214393
2809090259244642442701083154861
5025120128743829612139481782053119594457155922778414944690934444
90737032316153
35125244342569143554811
18899831121972035206231575283539
5015233669501661426156486371392
2847315218409217926031984843090113514934
92216746941856424884889672630251835387737575312494248677
3686432658323466
86796618278385585502413648533177
232388671282825843710236
519654691464655229668681217117034068716713298036
36228807713002132937731353673882199356664569051
17397309261802002186995756819949
8648863040394319
6657444969778175649655377489461069424222321869
275088766956354
275705046244435042063073
822933775454918737079751519810570385503
94218785835418763998421184597513
263346979886818958292890
127660562472689713078002
617016598485068264181562482086181971323
4940070278546482981623251284926538545657
1331249497636233540655192579174549180083306396
4310
8411246658029098
4494174323465261
888308781356481069231791
7420815434536452
8622342
4444509041734570
5351585944849503284071860838779
564592004876448856766367271247694458676
28995128431377035087468634578912
7902831321582735
3747977147537475
59987437
612682778581226960036154918983335563816
787015199372521955414049
34442362
94548894284917559366332596109445
4792430427395546
2339916223872734
545740488563574904482153585593831190922
747192597500522657376042
534854872167478342271058
169539594729913738256044791709490639191
491721612368523
46280603
738021811428551354125140
7579992464610160371615214985609874907165
228242596712259455227118
2011199424277367652440340194778
35181862939100727803693622131125
56211597
3111876276176279757079971015896720371388
335520412247241039838425
6597749760425329604027208052749093885808
51681801
33159495
613838444403160035417405
68969447
3156224438571076
41452831
5437190353869986
92198918392384701312986019678703378181043550446
1817188073917092
57995688
477462494049274725366814410935289319456
7503605583859015433024578768476178734788217741
9278269275217972
9598993597512858
467702401651983664382076243076570370622162477242966376
72566995
3330108876111793
5132976574716492
24745702718946045257325697904599406080979666902
5380802741180183
137471788409645773782507313204888367555
88203608
132237803203643768048529128986035289313565723562
67057115176986266034303
5598922
78730970350933972368162715292453890371381002474539329709
14390481801505768368071867360783963627319205852
24804774544937878241464439766780
5505923469540324662567765670123
19625524629695891655576785569177202715734032976
11354103
6740620075969377
93886271394835384108898072861636213559078900980
707218196569299444221477339919516314197
30685888222481306763916982871181
22354719
609802869705046663108957510553239918961762104061
523405644107667284704205
7637399779329225526205486308766237071478
50568116891647574392056169772020693385242435690
54776255663693886960392
15850741713359678375525
80198455109867369489949
75690294791100597605053160917383
739612977857705761726197
8953056813941457988011531851451925031790
9734453634603207
22838461131116129141338882407918
681867463362123369397820719598648826552271362198713854863163351
6050788863846072241832026229473290606230
73014148168631607781910176146542
48106407181066856772091056385336
2599293979909486522805485922639814050499
20274971761816429740888
327416342933513378104712
47351500844113766431599582246127
17289323
290320734952872583632822909473662158645597619100
276174052104538970443272
28084007143595098995922097666825
55214197479597371120498492908529
36675867
86811320116029239339602251835477645690390383233
8781593999287719837931079321331418691472
9723719995232088845897719427991
631046355353203863529715142835725873085049501666
130573723307607827919259072894430484028
257161161778462116640778
797454141333222435779483688835880928040
799911824623763934146244
554395709015901620029026415606693654840
8284055358118234468992205898308665095027
364191633001563345582865288876934463495
4713886479897638
8911332837204445995044767308803029669664
9876607580822376784159331322512
8342429094641147208307013502665052433521
41546849727583432672048582121027
8844843036480879
3778775886578186
648450041183163692938699
804817013697190816846854182497944006810745133984916330836315391671846018
963377651773587613083483794960
29250011715959565946682157982029211932670951576
6860191213167711
30389002
489881745142330416707246
5022066879452151239531445166335399104692052732
6300430848413811
140978747033567211386343
493495425267328857482840
30548506134391548627941975270934869173562784155100486
892230599059895777170818869902733593589
86266877
731934685166617377040972
75417873902269177811018552196879
8121431428528370
8876180443478145
34043067843086285470407218878187914493814485715923853384
4793451327320994708374
196584565822016126743049
492109795699149152502349
6252079748904405
9376156438823352
393026971558492780838809
530136174163867837245745
8645672573911073751942216820974
657253799410085792070592
418659587276646121754885
5173402
4681208030237129
692102069689350733655576128343463107177445255251
89842195297154008787280594191742
291967822025507614129524
77764957
7390111175197930272735646285188
440567916218772774617659
150068166483158513053882
8582531111114180
4139548957891797
330897274755726026687531
23260674745078919978516803158553804315
6937455061637199
2526773196681342
70894914428907214878516138175742571907664826722
74502734184016953107648657515087
172360099296774401830172141174951655327
4846075187172783501438566026160
896224459464548631544495
6266858175518206625181921768977265012359877624
883788655952183887085106971064131837143510027536
57189375
116861559467194180565737424661949972896238199319
7021203234221263
43796939820629237806610384621140
8896537521357199485522195260489823172680682444
6161451380974502
5117031125804838
139861577889481815901593
7684618482977971823681449664789330679743
638785394584478818189838
95414816271444916391026587722163
3229077560063084
175771225613988545427197
286232933087717168909699
8709953855977554390799088766712
96488875448051288267947098765382
51729086274233042128146830812280
758304654692730187539863548356089458116331337281912483598497171414154863
1292024520916090434659741935467135151213
5356554967183937737182360301462
73989774319881218962500
75323396262591631327812691918486096879
5587702594852791207990501389838507383823841707244993274
881920863465515950793800
134197161011142780142481946638527509573128392612
49191662911851346569816657243459227623450240993
848961527066961542130773282329845172657
9235286124862830
47327704560165226477363089728954
76793640181375908983385064447137
96563491
819031414801041760405665
8526849685158732
93691606
295317522580776447310636175018625007144
171081298787224988334287154440522193368
530435924304590154847471
831191616142568384098734
1927202827808416441011131390365359505776
3431387120806760
2304658855879422695085811593496070927
2223437436601041977766736011351
5512852694711873578026891464525
1048811625281365063025772824807
57504598
361007148681806700793224778415437549016
680258618088620640753203
2023475132576509179104989641621646788789
589580915688267925043453484628574453361
44336255411050854207993
890750764495168055082466
3828923395592431498653194906881853231367
9900574498060518298509263722895900012066303122419887198
1735523050045042
40850627
30961353
3254652389082539441777513591408570886105
34609000223920599578633849666467
1953804997405350
38255977228744553558690354280206
1427908256856688
27742793515629926880163
26665014683023568680389950537622852518756858069
7859175217574872
22932094867012007409617
340510197491607483907736
577441694222232
5179234671352604
73817034855091745915854778413934755975821439577623504827
33457512
6988160011652492978987525908303120183422
5543420585895807
50280526
812108124806404957695551
846556076083734216184274
27836767109028146994409516411266
2436182349603565441989183007248533611256
849699078333862075612273187079
390602150532949362274408974388515688411515641826397665313946291